1691936264.4519155
loss ok
backward ok
step ok
0 tensor(0.1736, device='cuda:0', dtype=torch.float64, grad_fn=<AddBackward0>)
loss ok
backward ok
step ok
1 tensor(0.1713, device='cuda:0', dtype=torch.float64, grad_fn=<AddBackward0>)
loss ok
backward ok
step ok
2 tensor(0.1690, device='cuda:0', dtype=torch.float64, grad_fn=<AddBackward0>)
loss ok
backward ok
step ok
3 tensor(0.1667, device='cuda:0', dtype=torch.float64, grad_fn=<AddBackward0>)
loss ok
backward ok
step ok
4 tensor(0.1644, device='cuda:0', dtype=torch.float64, grad_fn=<AddBackward0>)
loss ok
backward ok
step ok
5 tensor(0.1622, device='cuda:0', dtype=torch.float64, grad_fn=<AddBackward0>)
loss ok
backward ok
step ok
6 tensor(0.1600, device='cuda:0', dtype=torch.float64, grad_fn=<AddBackward0>)
loss ok
backward ok
step ok
7 tensor(0.1578, device='cuda:0', dtype=torch.float64, grad_fn=<AddBackward0>)
loss ok
backward ok
step ok
8 tensor(0.1557, device='cuda:0', dtype=torch.float64, grad_fn=<AddBackward0>)
loss ok
backward ok
step ok
9 tensor(0.1536, device='cuda:0', dtype=torch.float64, grad_fn=<AddBackward0>)
Result - Target = tensor([[[[-1.6655e-03, -6.6331e-04, -1.3507e-03, -1.9478e-03],
          [-6.6331e-04,  9.9417e-04, -1.0154e-04, -5.5577e-04],
          [-1.3507e-03,  1.8317e-05, -7.5836e-04, -1.0823e-03],
          [-1.9478e-03, -9.5128e-04, -1.3326e-03, -1.2351e-03]],

         [[-6.6331e-04,  9.3355e-04, -2.2552e-03, -3.3662e-03],
          [ 9.9417e-04,  3.5592e-03,  1.7561e-03,  4.7347e-04],
          [-1.0154e-04, -1.1995e-05,  8.2011e-04, -3.9677e-03],
          [-5.5577e-04, -5.1055e-04, -3.3479e-03,  9.6642e-04]],

         [[-1.3507e-03, -2.2552e-03, -9.2012e-04, -3.7673e-03],
          [ 1.8317e-05,  1.9784e-03, -1.4109e-03, -4.1863e-03],
          [-7.5836e-04,  9.4987e-04,  4.9196e-05, -3.3159e-04],
          [-1.0823e-03, -3.6196e-03, -2.1112e-03,  1.3939e-04]],

         [[-1.9478e-03, -3.3662e-03, -3.7673e-03, -1.7234e-03],
          [-9.5128e-04,  3.4829e-04, -4.6353e-03, -2.4309e-03],
          [-1.3326e-03, -4.2404e-03, -7.5289e-04, -2.6722e-03],
          [-1.2351e-03, -1.0347e-05, -4.1032e-04, -4.9866e-04]]],


        [[[-6.6331e-04,  9.9417e-04,  1.8317e-05, -9.5128e-04],
          [ 9.3355e-04,  3.5592e-03, -1.1995e-05, -5.1055e-04],
          [-2.2552e-03,  1.9784e-03,  9.4987e-04, -3.6196e-03],
          [-3.3662e-03,  3.4829e-04, -4.2404e-03, -1.0347e-05]],

         [[ 9.9417e-04,  3.5592e-03,  1.9784e-03,  3.4829e-04],
          [ 3.5592e-03,  7.4332e-03,  4.8940e-03,  3.5617e-03],
          [ 1.7561e-03,  4.8940e-03,  3.3604e-03,  2.6124e-03],
          [ 4.7347e-04,  3.5617e-03,  2.7428e-03,  2.9371e-03]],

         [[-1.0154e-04,  1.7561e-03, -1.4109e-03, -4.6353e-03],
          [-1.1995e-05,  4.8940e-03,  3.2288e-03,  3.4071e-04],
          [ 8.2011e-04,  3.3604e-03,  2.1544e-03,  1.8368e-03],
          [-3.9677e-03,  2.6124e-03, -5.0654e-05,  2.2045e-03]],

         [[-5.5577e-04,  4.7347e-04, -4.1863e-03, -2.4309e-03],
          [-5.1055e-04,  3.5617e-03,  3.4071e-04,  2.5654e-03],
          [-3.3479e-03,  2.7428e-03,  1.8327e-03, -4.4083e-05],
          [ 9.6642e-04,  2.9371e-03,  2.4224e-03,  2.1284e-03]]],


        [[[-1.3507e-03, -1.0154e-04, -7.5836e-04, -1.3326e-03],
          [-2.2552e-03,  1.7561e-03,  8.2011e-04, -3.3479e-03],
          [-9.2012e-04, -1.4109e-03,  4.9196e-05, -2.1112e-03],
          [-3.7673e-03, -4.6353e-03, -7.5289e-04, -4.1032e-04]],

         [[ 1.8317e-05, -1.1995e-05,  9.4987e-04, -4.2404e-03],
          [ 1.9784e-03,  4.8940e-03,  3.3604e-03,  2.7428e-03],
          [-1.4109e-03,  3.2288e-03,  2.1544e-03, -5.0654e-05],
          [-4.1863e-03,  3.4071e-04,  1.8327e-03,  2.4224e-03]],

         [[-7.5836e-04,  8.2011e-04,  4.9196e-05, -7.5289e-04],
          [ 9.4987e-04,  3.3604e-03,  2.1544e-03,  1.8327e-03],
          [ 4.9196e-05,  2.1544e-03,  1.3828e-03,  1.2578e-03],
          [-3.3159e-04,  1.8368e-03,  1.2578e-03,  1.6817e-03]],

         [[-1.0823e-03, -3.9677e-03, -3.3159e-04, -2.6722e-03],
          [-3.6196e-03,  2.6124e-03,  1.8368e-03, -4.4083e-05],
          [-2.1112e-03, -5.0654e-05,  1.2578e-03,  1.6107e-03],
          [ 1.3939e-04,  2.2045e-03,  1.6817e-03,  1.6179e-03]]],


        [[[-1.9478e-03, -5.5577e-04, -1.0823e-03, -1.2351e-03],
          [-3.3662e-03,  4.7347e-04, -3.9677e-03,  9.6642e-04],
          [-3.7673e-03, -4.1863e-03, -3.3159e-04,  1.3939e-04],
          [-1.7234e-03, -2.4309e-03, -2.6722e-03, -4.9866e-04]],

         [[-9.5128e-04, -5.1055e-04, -3.6196e-03, -1.0347e-05],
          [ 3.4829e-04,  3.5617e-03,  2.6124e-03,  2.9371e-03],
          [-4.6353e-03,  3.4071e-04,  1.8368e-03,  2.2045e-03],
          [-2.4309e-03,  2.5654e-03, -4.4083e-05,  2.1284e-03]],

         [[-1.3326e-03, -3.3479e-03, -2.1112e-03, -4.1032e-04],
          [-4.2404e-03,  2.7428e-03, -5.0654e-05,  2.4224e-03],
          [-7.5289e-04,  1.8327e-03,  1.2578e-03,  1.6817e-03],
          [-2.6722e-03, -4.4083e-05,  1.6107e-03,  1.6179e-03]],

         [[-1.2351e-03,  9.6642e-04,  1.3939e-04, -4.9866e-04],
          [-1.0347e-05,  2.9371e-03,  2.2045e-03,  2.1284e-03],
          [-4.1032e-04,  2.4224e-03,  1.6817e-03,  1.6179e-03],
          [-4.9866e-04,  2.1284e-03,  1.6179e-03,  1.3504e-03]]]],
       device='cuda:0', dtype=torch.float64, grad_fn=<SubBackward0>)
Equivalent v =  tensor(0.6264, device='cuda:0', dtype=torch.float64, grad_fn=<RsubBackward1>)
M1 =  tensor([[ 0.3274,  0.0077, -0.0959,  0.0564, -0.0268,  0.0656, -0.0236, -0.0334],
        [ 0.0077,  0.1422, -0.0244,  0.0603,  0.0914,  0.0180,  0.0506,  0.0428],
        [-0.0959, -0.0244,  0.2007, -0.0732,  0.0173,  0.0182,  0.0692,  0.0161],
        [ 0.0564,  0.0603, -0.0732,  0.0831,  0.0093,  0.0225,  0.0185, -0.0040],
        [-0.0268,  0.0914,  0.0173,  0.0093,  0.2443, -0.0577,  0.0169, -0.0540],
        [ 0.0656,  0.0180,  0.0182,  0.0225, -0.0577,  0.2021,  0.1145,  0.0697],
        [-0.0236,  0.0506,  0.0692,  0.0185,  0.0169,  0.1145,  0.2019,  0.1114],
        [-0.0334,  0.0428,  0.0161, -0.0040, -0.0540,  0.0697,  0.1114,  0.1981]],
       device='cuda:0', dtype=torch.float64, grad_fn=<SelectBackward0>)
M2 =  tensor([[ 0.1446, -0.0119, -0.0483,  0.0008, -0.0301, -0.0252, -0.0266, -0.0940],
        [-0.0119,  0.4603, -0.0796, -0.0277, -0.0636, -0.0195,  0.0085,  0.1498],
        [-0.0483, -0.0796,  0.3441,  0.0999,  0.1295, -0.0550, -0.0584,  0.0458],
        [ 0.0008, -0.0277,  0.0999,  0.1626,  0.0149,  0.0355,  0.0202,  0.0141],
        [-0.0301, -0.0636,  0.1295,  0.0149,  0.3349,  0.0468,  0.0026,  0.0969],
        [-0.0252, -0.0195, -0.0550,  0.0355,  0.0468,  0.4388,  0.0978,  0.1536],
        [-0.0266,  0.0085, -0.0584,  0.0202,  0.0026,  0.0978,  0.1316,  0.0353],
        [-0.0940,  0.1498,  0.0458,  0.0141,  0.0969,  0.1536,  0.0353,  0.2596]],
       device='cuda:0', dtype=torch.float64, grad_fn=<SelectBackward0>)
M3 =  tensor([[ 0.5480, -0.0154, -0.1522, -0.0279, -0.1095, -0.0164,  0.2243,  0.0041],
        [-0.0154,  0.2305, -0.0279, -0.0099,  0.0322,  0.0469, -0.0574,  0.0147],
        [-0.1522, -0.0279,  0.2132,  0.0267,  0.0120, -0.0231, -0.0842, -0.0680],
        [-0.0279, -0.0099,  0.0267,  0.2633,  0.0033, -0.0100, -0.0157, -0.0129],
        [-0.1095,  0.0322,  0.0120,  0.0033,  0.2302,  0.0058, -0.0189, -0.0093],
        [-0.0164,  0.0469, -0.0231, -0.0100,  0.0058,  0.2924, -0.0067,  0.0526],
        [ 0.2243, -0.0574, -0.0842, -0.0157, -0.0189, -0.0067,  0.2914, -0.0011],
        [ 0.0041,  0.0147, -0.0680, -0.0129, -0.0093,  0.0526, -0.0011,  0.2629]],
       device='cuda:0', dtype=torch.float64, grad_fn=<SelectBackward0>)
M4 =  tensor([[-0.0199,  0.0196,  0.2963, -0.0293,  0.1665, -0.0240, -0.1742,  0.1233],
        [ 0.0196,  0.1670,  0.1318, -0.0227, -0.0600, -0.0454, -0.0018, -0.2073],
        [ 0.2963,  0.1318,  0.2420, -0.0533, -0.1588,  0.0599,  0.0734,  0.0061],
        [-0.0293, -0.0227, -0.0533,  0.4910, -0.0275, -0.0479, -0.0230,  0.0028],
        [ 0.1665, -0.0600, -0.1588, -0.0275,  0.1907,  0.0051, -0.0006, -0.0337],
        [-0.0240, -0.0454,  0.0599, -0.0479,  0.0051,  0.0667, -0.2057, -0.2759],
        [-0.1742, -0.0018,  0.0734, -0.0230, -0.0006, -0.2057,  0.3751, -0.1456],
        [ 0.1233, -0.2073,  0.0061,  0.0028, -0.0337, -0.2759, -0.1456,  0.2794]],
       device='cuda:0', dtype=torch.float64, grad_fn=<SelectBackward0>)
interval time: [2122.205033302307]
